ID z_spec logmstar logmstar_ehigh logmstar_elow log_Ha_flux UV_flux logSFR10 logSFR10_ehigh logSFR10_elow logSFR100 logSFR100_ehigh logSFR100_elow r_eff_Ha_kpc r_eff_Ha_kpc_ehigh r_eff_Ha_kpc_elow r_eff_UV_kpc r_eff_UV_kpc_ehigh r_eff_UV_kpc_elow
192600 5.39 7.987961771903225 0.16 0.11 -17.156 2.712254990834381e-32 0.859654117034607 0.040372718365435545 0.1497660659007014 -0.07302365246837005 0.123476645318155 0.06034232969804289 1.269102962636705 0.29100879149857206 0.2862179397714131 1.4094647075057358 0.21686924089712112 0.2917540044205722
1080875 5.19 9.432794559753491 0.1 0.19 -17.355 2.7970129592979554e-32 0.6943290270194686 0.17867685297851954 0.19905209784116074 0.9025797399736305 0.1983036500763048 0.15268981229398138 1.124173709080434 0.16908648307399576 0.1490527436824542 1.7629636299572597 0.11347116262329493 0.16377671138628935
143952 5.0 8.97770949464346 0.19 0.34 -17.184 1.2078010506059352e-32 0.6979176024451467 0.18015172566139737 0.15098611438992204 0.4583122527882234 0.16748302823988004 0.1347788293072763 1.524139734998781 0.18697697308525515 0.17381013931150793 0.8027755763526194 0.04123715154571794 0.05318436367578527
85427 5.39 9.303152406059079 0.07 0.12 -17.083 3.6445926439336996e-32 1.029042387201297 0.17916366059503264 0.17091373314814118 0.9515965179666204 0.09661681369008446 0.052986074273805195 1.4961902548552266 0.22024449469957874 0.20894405449934708 1.2004613397047308 0.2523286306313727 0.41362613882335975
1018651 5.27 9.636218427701438 0.1 0.29 -17.229 9.959061294469993e-33 0.7460408922978276 0.26711072304788475 0.1705941912894805 0.8500009473214285 0.2054676823919881 0.2582371111908287 1.3672995920805175 0.23593893446305522 0.2124941334651324 0.9219612869843641 0.0724210534749623 0.09062012649846318
1035508 5.19 9.425236239432456 0.18 0.21 -17.479 2.8605814356456363e-32 0.7857955329618338 0.23438024625780107 0.21206146015580274 1.1542185943616765 0.18812221938270235 0.17161635313019186 1.1530732991817756 0.2968431997887807 0.2737905148082367 1.145434004045179 0.058614153392869905 0.07997995769414157
118594 5.04 8.992293307570419 0.04 0.05 -17.037 1.1018535900264673e-32 0.6671446082040784 0.1352580728550229 0.08813357213422945 -0.01828212638447357 0.07600985209300949 0.13884337525781093 0.918774519636606 0.22525233012300183 0.14997513385170605 0.8583816794551341 0.15041824691390848 0.20106928924206102
1028887 5.19 9.562708868331974 0.19 0.19 -16.886 3.983624517787997e-32 1.148824603316796 0.2162195527210593 0.17440868364790807 1.1023668886339306 0.13359590550063305 0.20327387222502913 1.1219292534987757 0.10543827950004556 0.10042340776971836 1.2982216555178925 0.07790086252160955 0.0935944828839732
81034 5.39 8.773777277185742 0.28 0.3 -17.157 1.3985064796489777e-32 0.9217596382067746 0.17825675990276169 0.1117038172899888 0.5042731772239591 0.16270833972624033 0.22946854429149932 2.0320033128462027 0.5117509524320425 0.42602349091588204 1.1595010764930744 0.10267960300146495 0.134558468915277
1027712 5.18 9.08050099919815 0.28 0.22 -16.941 3.9200560414403157e-32 1.0272778212612568 0.1400682203897996 0.12928989992131257 0.45107914319122155 0.2901678873578327 0.1957394433841621 1.5815705485807072 0.13637712537375934 0.12788112350590494 2.6192950048865358 0.33542867776553464 0.46350832516952023
1002030 5.18 9.484457219821575 0.18 0.24 -17.055 3.623403151817806e-32 0.9264788080561935 0.17128295291896733 0.1073757329038777 1.101166838959056 0.1362128493559729 0.2459680249045798 1.3724149528618104 0.1935535954108622 0.17841581904446563 1.2520958585099076 0.06584998621149274 0.08855687800855927
191250 5.39 10.16830040755211 0.3 0.09 -16.49 9.238618562529611e-32 1.694928124858655 0.23701983269028792 0.17149707204578313 1.9998040451086845 0.10068728051864051 0.12435650888256977 2.449806945141005 0.060236014480507145 0.05575486741851536 2.032185781315826 0.055084345810970436 0.07474407865932964
1001054 5.98 9.541363610119946 0.15 0.26 -17.272 3.0089078804568907e-32 1.0411561787871297 0.14477901359101386 0.1272853401435139 1.1551516906081298 0.1375849495367174 0.11505146379876097 1.3679417783414745 0.25868786130473487 0.25046234859815525 1.5318483173727853 0.15870895560645293 0.2107935520872457
1002222 5.29 9.469442607028274 0.18 0.44 -17.186 1.483264448112552e-32 0.9273590629229137 0.32406217065577547 0.3764457236911416 0.7545208761306315 0.5322812097229779 0.41949980345809246 0.9840654020633217 0.1664807638209772 0.12905967317356576 0.8181223042879604 0.07690948468946734 0.10778555518523925
214966 5.54 9.542911795736185 0.16 0.21 -16.877 1.928243782546318e-32 1.2108112748246718 0.19232734149735098 0.1731585434952012 0.9046417907951922 0.23565599586171015 0.1895396106771341 1.413739351455387 0.10216979715848765 0.09619076262777831 1.3382543709202839 0.05536470158231066 0.0696170009995396
1014693 5.14 9.217324099928403 0.11 0.15 -17.271 1.2078010506059352e-32 0.4996544434734698 0.12359903222199081 0.0740483100541437 0.4389905004031969 0.18178657727602526 0.28776274069974006 2.1376528765334277 0.3030290074933687 0.25883001002670686 0.8536570471818371 0.08828970794918922 0.13651677422681052
1025527 5.3 9.38712926580096 0.16 0.56 -17.005 3.3903187385429766e-32 1.0200735005493529 0.13049946540375434 0.12923158706089266 0.7364224354599298 0.2076825851398847 0.23810425123831291 1.057600664676539 0.17928386854201217 0.1355602215215635 1.4660174365818133 0.338110211602213 0.47750816823953857
1001511 5.18 9.203948524392258 0.13 0.32 -17.432 1.9494332746622113e-32 0.5752654019947118 0.1289681788021687 0.130519588789553 0.4258402344981635 0.21072913178162428 0.15291022537146187 0.7679821690117601 0.18952620600604667 0.15522750770478655 0.813940458188941 0.11506063673073141 0.1608577980610556
226650 5.81 8.91288962515886 0.1 0.13 -17.356 6.992532398244889e-33 0.6689761534398307 0.0722955187270955 0.08763905280339368 0.7677852639771279 0.1245768736638928 0.14558191269186638 1.5360755722849417 0.22859275839527674 0.2354823056258705 1.1537299254597138 0.07906406650781173 0.0913510498164587
201254 5.38 9.280553712029718 0.09 0.12 -17.128 3.263181785847615e-32 2.04754917456379 0.07514704797971872 0.2431626201966357 1.2054044207652852 0.09856845626070943 0.13243833856365161 2.1248621653634534 0.27886859573698575 0.2435372123616914 2.178287451307697 0.1330917854782796 0.1750426132580456
189771 5.39 9.113870960160698 0.14 0.24 -17.282 1.529881330767518e-31 0.8123619464286471 0.19912550707038568 0.10976692442473168 0.6169710950588582 0.16121386597385023 0.15611660667023575 2.2218268983346854 0.47009216759703387 0.35657657081219507 2.3889166632596655 0.02929593548548759 0.03356053368907164
1053780 5.22 9.041455105060905 0.17 0.2 -17.365 3.136044833152253e-32 0.6815160909848005 0.10994015575121852 0.08532061378282374 0.502198257301455 0.14016010042477745 0.14282739798956084 1.6679619422927636 0.13660039481332428 0.12063380767018975 3.544843620061253 0.3299325561434774 0.4571195780720041
1046918 5.23 8.918606846108617 0.09 0.13 -17.54 4.026003502019784e-33 0.933263032136322 0.08470563938387432 0.176677806048525 0.6913844104949219 0.08460248510582558 0.0981881113044113 0.9966288333740784 0.26300907078354213 0.21919619357342546 0.31479096999406897 0.06989075396038275 0.12056626020119937
1080255 5.18 9.829132248143813 0.08 0.03 -17.138 1.6951593692714883e-32 0.7088186330768526 0.13132601288028367 0.04191727364392939 0.22135200598889962 0.1810065650294648 0.37154262930545306 1.7163214339161397 0.3536979214040307 0.29934118848590086 0.9463455087978622 0.02534685152486771 0.0340480095110165
192219 5.39 9.16295693147231 0.28 0.42 -17.265 3.750540104513167e-32 1.084759360372803 0.3741950324152119 0.0727975176113298 0.938899509751553 0.27516667022254737 0.31431090015672736 3.035106044634397 0.49059619359366496 0.46742233885723855 2.1201066845319634 0.1494103338054351 0.2415405272313671
127005 5.94 9.539652044902489 0.16 0.2 -17.074 1.440885463880765e-32 1.1368784582310052 0.22145901060500228 0.13966733712412038 1.0231547746065428 0.15798273922735362 0.20521485886520208 1.3756366833385285 0.20054482632507067 0.16596776658251147 0.6587889825560125 0.053505704166985746 0.06811416944941961
1001674 5.18 9.920303360961457 0.17 0.13 -16.943 3.856487565092636e-32 1.6024456616441751 0.19548180393990178 0.29739242713629 1.3651174331166234 0.3252335662095984 0.2561012663575577 1.5981565827490205 0.18384180729461774 0.16794207364554797 1.251583901904617 0.09311647962151404 0.12037008341317601
1028904 5.36 9.447532463551568 0.1 0.08 -17.109 7.225616811519719e-32 1.0483643320924219 0.15837384928473597 0.15940602698999073 1.1783331279329823 0.08526151593737574 0.10576143655779169 1.1290249177241902 0.13328368491355705 0.1335557165474953 5.393951965013766 0.537982388570093 0.7463715584343227
201125 5.82 9.964315909059907 0.1 0.16 -16.883 5.00072013935089e-32 1.7073371930656818 0.12939788959117537 0.1807492154455579 1.6582324931057342 0.19429684373419942 0.14115308351004696 1.862538609480199 0.16138717243174788 0.1509336008907146 0.8785621425263378 0.025274680761495194 0.027410569276551278
1026447 4.42 8.920456854267925 0.15 0.3 -17.011 9.200477476721e-31 0.60963948723192 0.1792292641393919 0.1105885374466814 0.2885814213637856 0.3172689791148472 0.19799941023108464 2.0896863858907206 0.362378061367564 0.3083755522055903 0.8618618666212629 0.13829828957160362 0.21960215847780462
1090272 4.38 9.89485921096284 0.03 0.11 -17.365 1.2713695269536161e-30 0.226930637542792 0.16345215651389908 0.08646116292604344 0.4353110978839862 0.48290128182326447 0.4356997770759602 2.905178085055257 0.33470473859860483 0.3001501636911541 1.4382500866299799 0.057841774733264906 0.06584116911127014
1000372 4.41 8.498010428681647 0.18 0.32 -17.302 1.5044539402284453e-32 0.475376724070054 0.09324447537102137 0.18993515233088493 0.20081180966473666 0.23220081585086383 0.17053309311372822 1.9604762692886666 0.40689853400117715 0.30932227499873377 0.7718265158702705 0.08255703267450054 0.10830501811258786
1004726 4.42 9.10308771659848 0.21 0.4 -17.185 2.297152840284025e-30 0.6290249974336536 0.15063935176770393 0.18013573805939664 0.5714328699714927 0.17985935437467604 0.14766145104298556 2.490453919429985 0.7735631096902781 0.6073512927223024 1.9314281357187157 0.6387705743408165 0.8967709694135548
1008970 4.45 9.497525119467252 0.2 0.22 -16.923 1.4158818631840105e-30 0.9199121886658973 0.20074643764901834 0.1717588151469296 0.8725579723427113 0.20210844246726967 0.15546983557290084 1.5170660385867047 0.2356282497775681 0.22105358011619203 0.46795524699478586 0.04011626791034506 0.054167143472851564
1084873 4.69 9.325540354954283 0.21 0.29 -16.971 1.7703820662829107e-30 1.0221961318084611 0.3035078332270118 0.2706743472621761 0.9208265042683905 0.28089180821917137 0.23766339958555638 1.2793666390326668 0.14394462768166305 0.14171262056266545 0.6939224022901918 0.060375618287412336 0.07983881102480161
1094616 4.06 9.397876573369098 0.16 0.36 -16.643 3.472745862873802e-30 1.0366727359484846 0.3242193365968171 0.17348678225912184 0.8123319833363309 0.18452718506399446 0.23459034774642684 1.3501638595630714 0.11646493123943591 0.09803906132137928 1.7018537882283518 0.09855068636689679 0.13140091515586327
1031265 3.87 9.120441187791492 0.41 0.33 -16.489 3.7742723356829686e-30 1.3273370477442326 0.13421287131396853 0.13807895394432412 0.806240367363641 0.27039196085602446 0.25258750099270555 0.953077486721841 0.16219943975292206 0.12564859617081778 2.061992929560531 0.30195011767254276 0.349933600939047
1000989 3.97 9.068608524189754 0.11 0.24 -16.96 1.8434858140827434e-32 0.5793352773401428 0.22700181016846444 0.11687920948228725 0.17976454263003872 0.12524186704586848 0.11276253912559693 0.8723338659193305 0.0666107887682009 0.06191227733262062 0.5439458919355012 0.020970376636380572 0.02246826068183616
1094078 4.07 9.429021413359377 0.09 0.15 -16.938 1.5322121749002663e-30 0.7036784020627072 0.14712436222675918 0.13949450142062958 0.5858694421482612 0.17138641922460995 0.10970805149099572 1.4498921919481342 0.1727316720810499 0.1609058240740597 0.7773881383308796 0.026879470070248046 0.032594003077309086
1090280 4.41 8.706716841640672 0.22 0.24 -17.402 5.511386899343926e-31 0.394642878792614 0.3493363642884853 0.15580077477792886 0.33934934570124775 0.2568634379098146 0.2026422728202499 0.9709719196335725 0.2428305332299059 0.1896909845052604 0.573500387764363 0.08356311314414838 0.12973735170301748
1088814 4.41 10.59744499981259 0.13 0.36 -16.444 7.667629617057259e-30 1.5885238306233542 0.48953016688320594 0.34694700202312845 1.8249739660191844 0.6262954092059594 0.2973071298425234 2.3917586477922086 0.08205433470483901 0.08266032454704882 2.164491540018178 0.04335117680527656 0.05009923734572075
1092433 3.95 8.783836337336748 0.26 0.31 -16.917 1.4658890645775193e-30 0.6780240918078047 0.2378873835093268 0.14473124265250403 0.3581350318608334 0.2758201995948104 0.19158216613878748 1.5112194586347094 0.24244584688241977 0.18809734174744788 1.5523253288629453 0.09217065609100583 0.12282275800034093
1081686 4.15 8.709376448279821 0.68 0.16 -17.027 1.8394598105807234e-30 0.8021861232633837 0.08021680080130855 0.15345263366082074 0.542555518606038 0.11759727309998436 0.0555653240872514 2.1229132020254733 0.23917842222033694 0.22707332290258816 1.3116987072757147 0.032739999733601755 0.041974358632822506
1012763 4.46 8.35313487357208 0.16 0.42 -17.285 2.8902467246078877e-31 0.28471022209651425 0.1020492888165383 0.10640281355708311 -0.22851669835681915 0.2107665001257992 0.24835049868241527 1.1793589898144456 0.17829870202264575 0.15259751063195656 0.22856824818884983 0.03762021878553137 0.06527616340624628
1080133 4.42 9.615834756985377 0.15 0.15 -16.451 3.8287293304208144e-30 1.2091588614975068 0.09956826697563503 0.09780118857485243 1.051243320392683 0.1497518769804349 0.10872192091477817 1.9526594258713414 0.1452473416153218 0.14407122083826335 1.3423034659566522 0.0721097433393243 0.08252786489826303
1090503 4.62 7.9068314251960565 0.41 0.3 -17.504 1.0243000488822966e-30 0.17936485127586294 0.15183874051458363 0.11265120087505184 -0.3259566535149815 0.22579231107521802 0.1785803157482203 1.1382912018434577 0.35623620187624055 0.2524909967925374 4.132865689568426 0.7632400287850247 0.9886290328269709
1088590 5.02 8.471597356279009 0.32 0.37 -17.25 4.6553314178618245e-31 0.47228123483245843 0.195760562710262 0.14650445015483127 0.12887816976696587 0.2550605492826065 0.2192196388803042 1.1940896920401967 0.2593614735231236 0.24554298306969613 0.6606283810087638 0.06094854388235671 0.07652214657784873
1087148 4.38 8.241689087838447 0.28 0.33 -16.965 9.526795655305764e-31 0.6146039301606602 0.14025056851468876 0.10694046294267445 0.03354688305482714 0.23553118560368527 0.20456923906462274 1.0500189767481651 0.23604947190302344 0.19056840672712685 0.4745280699346327 0.0631337561727287 0.08855124242408696
1063939 4.37 7.925306051373738 0.12 0.23 -17.011 7.244687354424022e-31 0.4742848805802196 0.04298786684010175 0.02190446767568488 -0.350930536696001 0.09076656008550948 0.04794930831401312 0.9413292780881696 0.20657509128172025 0.17198413408445046 0.3550059133922171 0.034064151227230055 0.0508910211105606
1090105 3.85 9.459319121809191 0.17 0.46 -17.272 2.1840009523851537e-30 0.4498704528483682 0.46085113042644804 0.2650585639883728 0.7570591038919767 0.19708931686343667 0.27075209272140016 1.2722470661295038 0.17920015017783142 0.15134583155194073 0.7485807995143384 0.02296658892865977 0.028599903194180376
1087728 4.4 9.658470028074605 0.12 0.26 -17.169 1.1679648054280553e-30 0.754332876148902 0.2792967427258747 0.2627522832132882 0.9269570524859018 0.32392669865879975 0.43483720218343497 1.297102366017528 0.19583918203748427 0.17296085048360893 0.822074554151409 0.1462511336696336 0.21947897402449912
1080763 4.37 9.247954530496086 0.16 0.38 -17.123 1.248061085626133e-30 0.7726643706355448 0.29368382255082015 0.2880683299197181 0.7370403407314826 0.2324500769093163 0.12597747428515593 1.3019028867421814 0.38829708642197597 0.2777632232577366 0.8769961636984095 0.022976273762391197 0.03200266702618759
1085672 4.06 9.529107415090028 0.13 0.17 -17.311 2.8118456037790806e-30 0.8086211483037106 0.3159751425262155 0.38747648171196913 1.3021409877780683 0.20874378824729445 0.5134849177579406 2.0679039686848837 0.2896195865001237 0.25313883892909095 2.1807945337881063 0.10932575336973249 0.12712296903457476
1082466 4.41 9.521304930712398 0.19 0.11 -17.238 9.259808054645503e-31 0.3695447404367684 0.15816330144849272 0.12498367311812544 0.8934205467951764 0.12440689337494426 0.2621684237658788 2.614404975254774 0.42401932818247245 0.4185086079200225 1.708540406089239 0.09768927202280597 0.11465205356651498
1003845 3.98 7.555862638204724 0.52 0.12 -17.425 8.263901925198504e-33 0.4421807762775734 0.09719756872734181 0.28638770070169917 -0.4795320103053416 0.22267195377188126 0.13794807640107282 1.3482871223873347 0.6514089593859197 0.47763632340615847 1.332291675311419 0.4931722833390144 0.7175357571284278
1028203 4.14 8.521215948983556 0.26 0.24 -17.287 7.965130086364405e-31 0.3851337065692229 0.22783564095302627 0.18340859884558555 -0.2628462690877599 0.23390793750448594 0.09644201359423288 1.615944327992479 0.5489364247604503 0.4498841468052112 2.480328182573955 0.6400914688153503 0.8812549102987841
1085867 4.91 8.272150820763926 0.25 0.3 -17.005 9.810734849658737e-31 0.7688130575693556 0.19917104825665344 0.1585668615046566 0.18288671825380204 0.15531763265544313 0.26326343654585094 1.6901271981192194 0.15052096179169133 0.1372295802551545 0.5795353146498762 0.04662704509419058 0.05672957153126512
1102893 3.86 7.490996758346352 0.47 0.27 -17.261 2.7885371624515983e-31 0.18934301658188774 0.11860577503751629 0.11955212242142743 -0.6562202071527379 0.19742567523397736 0.1710431879667641 1.532419471242527 0.29802770505122017 0.26980721946993497 0.3361772424889463 0.03850678839319971 0.05992348530851882
1082074 4.72 9.49205798399035 0.1 0.21 -17.082 1.1823736600668629e-30 0.6285622153159778 0.21928760773804823 0.12021466377650891 0.7364981510496964 0.16574149187802834 0.2101125517852065 0.8194257930471399 0.12485160990843708 0.09943216780187468 1.3612438584526938 0.12047107218911779 0.1499944106038844
1015956 4.02 9.541923380479883 0.12 0.35 -16.862 1.7941142974527114e-30 0.838868010355559 0.20062874593586577 0.20434192752598435 0.9096113561334972 0.15724808477125662 0.22222334643824937 1.3952837524959916 0.1496154407433821 0.1352641890435748 1.2236620382697339 0.08913671662639411 0.12232365646820154
1084575 4.84 8.311007818985342 0.23 0.3 -17.301 5.9118683003343145e-31 0.46792868157338735 0.21024565826209168 0.17222080888012237 -0.044549890718548424 0.20163122933210778 0.20659680985068535 1.0325886623142166 0.36251686362621177 0.2648242122130179 0.6257618591402477 0.15027676917439342 0.23656850772375204
1085659 4.06 10.167535656797778 0.13 0.42 -16.581 6.075874969311332e-30 1.2747630281529416 0.4116611002850725 0.19858420355996276 1.4464939046023382 0.24569859202472766 0.35583066155510945 1.4685283454304057 0.1103247547057516 0.1001046075317699 1.8575896652574904 0.12128082279731545 0.1496927638022818
1019532 4.92 8.111395458363573 0.26 0.4 -17.226 4.619309281264805e-31 0.47599472086476524 0.09119125199455447 0.08466591819690639 -0.31348321109245814 0.27378982798338714 0.13959171329480374 1.0385956866894643 0.3862872554841031 0.2931161037155361 0.9238878195650101 0.24510120418142556 0.36959397112302195
1022983 4.86 8.466290148280878 0.22 0.42 -17.389 5.646999648885645e-31 0.3303918526268852 0.17126342059445443 0.14705309269890246 -0.05325161478121581 0.19795975756942094 0.21645185284731056 1.1267472725983871 0.49948583372072497 0.35401572686020427 0.9559751643357273 0.33311621810595016 0.45757078170330545
1082876 3.85 9.666492600715886 0.17 0.22 -16.958 1.3419305356995418e-30 0.9700095846174808 0.20284310821283036 0.30826115192314474 1.1234492278618604 0.19246570807448782 0.2080445905443662 1.4079205383111468 0.3293066714036629 0.26655500728596315 1.3198699121940585 0.08033990769876853 0.09246668621933773
1083165 4.15 9.783935255207874 0.09 0.13 -16.783 1.7633895338846656e-30 0.9552286657984402 0.21925006104835643 0.16224795191926977 0.8613071855024912 0.16481582675906425 0.22555417977095538 1.1158077317872461 0.0708500739419144 0.06754582360855652 1.6462289826874161 0.06653762431619392 0.09697281524946932
1065488 4.15 8.011733761386026 0.42 0.15 -16.844 6.221234885226361e-31 0.750070928464613 0.07517606793619447 0.07631497964789435 -0.09463271930961521 0.15719286089351558 0.08542524914339521 1.1038451592902223 0.13874607451292312 0.1388627548705477 0.41545971025802847 0.027081507136576866 0.03379940037975876
1000444 3.99 8.552026823776336 0.17 0.39 -17.11 4.343845883758188e-32 0.3355151850105525 0.1424027244191181 0.11757768389441023 0.07992014803919854 0.13211985138656063 0.1703464780047671 2.758695146633532 0.9669730499740985 0.6956596126135234 2.9571534178562646 0.6967171243542145 0.9212030094447607
1025101 4.91 8.989001425032983 0.29 0.2 -16.893 9.30854388651206e-31 0.9463012162664066 0.16506245106007977 0.14343431274141327 0.6490743212977306 0.28413735755813596 0.1791527823533552 1.1891539798217443 0.15543436720385 0.12896354894342382 0.9075484048467559 0.07401026161100432 0.08955047402276428
1090526 3.96 9.93161469088043 0.12 0.24 -16.67 4.7250448469231134e-30 1.0759353052030496 0.3760973957696254 0.23225251494897536 1.1942872036588332 0.21928523867375627 0.24447524728131842 2.4749037641171037 0.13003009707073385 0.13092294968519644 2.011881183345728 0.04884558724340593 0.053130287878792704
1077545 4.42 9.269289284465323 0.11 0.36 -16.665 1.3417186407783828e-30 0.9551954965524654 0.11170932495031005 0.09067900310097743 0.5713841877788207 0.1620349363604825 0.17849083114120295 0.8748967422999316 0.0886894335546301 0.08994588399229865 0.3884508353385043 0.011226902755448076 0.013064032297248673
1091258 4.56 8.02533609863037 0.2 0.25 -17.235 3.5386451833542313e-31 0.3056479823646451 0.07217872642081485 0.07598540868570725 -0.27957354498291276 0.1431551762595769 0.16335005389040153 1.8081401385857188 0.28295477071616076 0.26178875005912167 0.36292327724757395 0.03182124184523677 0.045717860119422526
1004072 3.93 7.327488334064849 0.33 0.18 -17.132 2.201588230841345e-31 0.12740689174792869 0.1278596995662658 0.05176049642183202 -0.795247041713083 0.15859195804355464 0.06959804693893223 1.850830451931806 0.5263231094189096 0.49373185781812234 0.6630009053844254 0.11128790310730152 0.17681456420329955
1081725 4.72 8.876021874191784 0.21 0.12 -17.061 1.139570885992758e-30 0.6865300114692314 0.14527432621386782 0.10594155635773428 0.8171109256630322 0.17266037262218614 0.08446184437158488 1.7330938248354053 0.2834227117873192 0.23143867210648517 1.582140818415536 0.1602544036682323 0.1875907543557669
1002452 4.14 7.83360389199307 0.5 0.32 -17.245 1.1018535900264673e-32 0.35735221901585423 0.10771090966745217 0.11548824984432235 -0.3217004557395289 0.2571851129859487 0.18845285407030798 1.1234576215939942 0.3616295581125143 0.30344853502785735 0.5165954794819343 0.0756300823967046 0.11974763046144865
1089583 3.93 9.01494300270091 0.16 0.35 -16.923 2.060254318428335e-30 0.7216341982389309 0.29343162249682986 0.11544441812343431 0.5792597512983122 0.15192614110889824 0.14474621202379923 1.1569952661679206 0.14910955647539817 0.1334863141769371 0.7375111559304042 0.03242043218209334 0.03735864370651831
1028592 4.89 7.640715801545473 0.3 0.19 -17.514 1.5180152151826177e-30 0.3032392849251725 0.04933630656475896 0.13562968244460993 -0.5756294861903366 0.30876502543578443 0.09132850572186602 1.7409054041807794 0.4736518228133574 0.40061707088706333 5.349403478785122 0.7637275834077846 0.9531990109079826
1008161 4.4 9.282284399768274 0.21 0.17 -17.368 1.2228455900082197e-30 0.27254010483815116 0.1542158188410036 0.08354491735226216 0.7155023557524469 0.13092747834857632 0.1600861082200139 1.9253223273149898 0.3368372149030229 0.2840730051213439 0.6432753903457769 0.0926562008987718 0.1270187654705015
1077261 3.92 9.356866485506455 0.24 0.2 -16.759 1.3982945847278188e-30 0.9064893700606398 0.15876814556527252 0.20093690378506845 0.8046484408968092 0.17648985521657368 0.18652123312424695 1.12436764484853 0.18775893752418785 0.1590460874947724 0.907705964936201 0.026665609962589376 0.03784796252754574
1091324 3.89 9.631589595080907 0.12 0.34 -16.908 2.1937481187584645e-30 0.7909628138293275 0.2582444980605211 0.26490585236177966 0.5519261537489237 0.35598130483574664 0.35285366636690785 1.904779009509466 0.20825042877240596 0.19223904316127743 1.403249352346639 0.06343101315958033 0.07119807599544759
1094430 4.02 9.611567465393069 0.11 0.36 -17.152 1.8701845741487692e-30 0.6127806818867747 0.35272147858051384 0.2878184869695406 0.8555958067308913 0.3719117728352883 0.36881954023952934 1.4465263495936 0.20458020000194654 0.17495621618838192 1.869869080396134 0.08940630848888609 0.11239650210031393
1095186 4.02 9.37086495683331 0.1 0.22 -16.873 2.5929581502219004e-30 0.752502057973171 0.16859994719466165 0.11776580347839327 0.636950505597463 0.14275396900421178 0.20105759601901363 1.9223807078473383 0.29642791987648837 0.27472617128510235 2.411012674891661 0.32356871497751527 0.3710396514511878
1010591 4.69 8.8118342226238 0.2 0.54 -17.017 1.0156123571147803e-30 0.8088555715794882 0.13120295825694128 0.27247536187779575 0.41971004742096685 0.22892345094714517 0.2621675010446249 1.8152181092471151 0.2537791996022333 0.22729287768574113 0.8256837893720977 0.028793686738565305 0.037729658485016304
1089523 3.87 10.061321796251178 0.1 0.16 -17.152 2.3708922728473354e-30 0.8786990242495585 0.2800786791981207 0.281562147216167 1.1508938017941504 0.39124689147995917 0.3805508236963826 1.7480594969082228 0.3924264423908353 0.3370301662693323 0.9940072004260675 0.05208865738262303 0.05814045160135073
1013948 4.04 8.879980426233766 0.21 0.36 -17.211 8.289329315737577e-31 0.5056836042951335 0.1742015558129577 0.1510090773659989 0.44905867086266055 0.12847021396186903 0.13367062289329046 0.9349154275969755 0.2931516121878272 0.22945575384595313 0.6844900761628142 0.06836408328921406 0.09299213813874452
1091580 4.8 8.092050769442219 0.31 0.29 -17.091 8.117694429598838e-31 0.6141382026931498 0.11356964739344577 0.08916480723799669 -0.05869975697456744 0.28425226645465246 0.19391279416584387 0.8764306762785742 0.17755575376211497 0.15972740074422204 0.538342058215893 0.100632031327688 0.13070371256428215
1089124 3.93 9.448308754530553 0.14 0.32 -17.199 2.895967887479179e-30 0.48677520504029403 0.24231059899337215 0.20728764705005304 0.5802245690887984 0.2665765735841962 0.3837209438204472 1.3807088060799906 0.3471626872946959 0.24534796484025412 2.697527354091958 0.3374594261250574 0.41586343028523887
1086992 4.04 9.371110377390915 0.23 0.46 -16.853 5.739385834510941e-30 1.116193213903863 0.26407470313430315 0.2725747542036909 1.0243048661615966 0.3579284865802961 0.22902372709444907 3.424620544892806 0.2001826338130997 0.19887752076438625 1.642484437940201 0.19453267974569743 0.23212250978389481
1104884 3.86 7.568174965407772 0.37 0.16 -17.087 6.0241726085485515e-31 0.40853311166601 0.0991897778739586 0.08840311307548904 -0.5012658334526944 0.13263504724982872 0.1117189482114248 1.4659096625161772 0.4319293222807937 0.31423814617931384 0.8473410424406527 0.2244999133906379 0.4741126425511064
1028569 4.89 10.033918922307931 0.23 0.25 -16.564 5.3088153547159825e-30 1.6489657769944264 0.24606040186603484 0.26307296277240777 1.5971601187005147 0.20459406334820684 0.17197375424030037 2.315299929543184 0.12004981439110093 0.11862543541966146 2.3279848548873643 0.1034183851706838 0.1193888325981729
1090054 4.82 9.62363144316532 0.04 0.06 -16.507 1.920827460305755e-30 1.074525297914915 0.0593062966045248 0.042952621410974334 0.3563949537145356 0.30531711455638805 0.14141654156468944 1.272888935646474 0.06003396111370859 0.05755924870679963 0.7064469839558748 0.022554526139623943 0.029222820824382434
1014130 4.38 8.487039358991392 0.22 0.31 -17.052 9.435680839207421e-31 0.6729144363042728 0.08479430195665749 0.09161227536421856 0.07811777521682095 0.14243081040958783 0.15282838895529233 1.322114185124162 0.22380903639879945 0.2030217479869848 1.9134975362031006 0.5382800782077497 0.6569640710799072
1006892 4.42 9.515943855566727 0.11 0.14 -17.1 2.2371865775960467e-30 1.6157712331499217 0.16097661713826894 0.17499033001635955 1.2116515420154186 0.15430142596899743 0.2517509273495989 1.5974750535195257 0.5288032440502207 0.4310916344408451 6.477027365432815 0.9372764494327077 1.0995798206588
1030164 4.6 9.067703634827598 0.15 0.18 -17.372 1.202715572498121e-30 0.3629232709237869 0.17134233451788566 0.17460239897645122 0.5327935749600566 0.12753049840499364 0.23087924599725196 2.6484811214906774 0.39968385662894435 0.3556958695142932 2.0914219718113984 0.5111830459031212 0.6732947997783185
1007712 4.43 9.239442555439336 0.22 0.24 -17.308 1.105455803686169e-30 0.3874243451702229 0.21294521662745497 0.17116179099290108 0.7048382054723902 0.16010352851023835 0.1289826936790398 2.1148337388204785 0.5509321664546756 0.4473045813995876 1.1558482075024803 0.11093532549071061 0.16354803500652615
1073849 4.68 9.335426221519732 0.07 0.11 -16.716 1.1113888614786194e-30 1.5262726283059382 0.06850725881999797 0.09729615307069772 1.2582992794664427 0.056409238246846405 0.12493259705550996 1.6323859185569234 0.4136927231000666 0.3778883654350094 1.4744158960071811 0.15955762361324455 0.20312759814105208
1082948 3.91 10.675962258966768 0.08 0.2 -16.342 1.0843510695387391e-29 1.963724990827809 0.3841404885817863 0.437152710533514 2.0822357567099585 0.17935049463610264 0.19225517058515496 2.254166749160503 0.13317141238161817 0.1151426514162681 1.5332434541349682 0.02476446590246062 0.030148045446474647
1000110 4.06 9.520970070448504 0.34 0.08 -16.463 8.052007004039569e-32 1.2978826828506402 0.15457683318893478 0.11290416964685335 1.2153115211813887 0.07314668628100818 0.07273316158803378 1.6614877395304206 0.08974243787509713 0.07715650551472944 1.376071850904949 0.029237554337933735 0.033686747389359395
1093668 4.41 10.29347653811529 0.11 0.22 -16.949 1.3480754884131508e-30 1.2890692350694997 0.4099711216831414 0.3466275626873403 1.2742042658226151 0.3481283506704904 0.5301851611536275 2.068398873941721 0.33124076325621465 0.30563325809336256 1.499911558563901 0.16043474226361432 0.20825860174092026
1011634 4.75 8.270323051082787 0.25 0.27 -17.231 4.691353554458844e-31 0.49269193534759614 0.13295832830479293 0.08447569178317105 0.1313210197660819 0.16293641422947241 0.18390238677066084 0.8534936221168238 0.19506004113307834 0.15826234047572801 0.4715734737960103 0.05588580112406655 0.10071292782075597
1092984 4.33 9.661730759873619 0.12 0.26 -17.173 1.3754099332426537e-30 0.626717585932988 0.36723012229037977 0.21242769510695725 0.9496776172250281 0.25457894319987373 0.3105107967143147 2.042243751810413 0.33952117182298 0.3160130883040426 1.1668187460615782 0.0665399814579608 0.082402453817908
1020127 3.92 9.089391727589234 0.1 0.32 -17.094 4.776111522922418e-31 0.40934066430251526 0.2790350946465684 0.2044837726331549 -0.03768116602437516 0.1792001073391277 0.2351435379128995 1.084959613700219 0.19585688974011378 0.1704398168310494 0.8938730387499448 0.0713550971062713 0.09456699616493769
1091153 4.07 10.374857717746208 0.14 0.14 -16.585 6.2485693300558644e-30 1.9929200351434553 0.24254797028830155 0.228099375603116 2.125397906848665 0.16025110056391867 0.19361686087046337 1.8543288629336037 0.09373935329052194 0.09821819824818324 1.3548756437680611 0.023509644592505374 0.027110220791356943
1086984 3.86 9.505662834177649 0.18 0.44 -16.924 3.7361312498743604e-30 0.8687654433997469 0.3713593758302476 0.25437553755605824 0.8835000944907087 0.3220653281167559 0.2107536826655919 2.9763876077664535 0.35764890727127274 0.3268440966242456 1.9591774010793668 0.1521712200816263 0.1948137952680844
1098616 4.87 8.039141957786503 0.35 0.4 -17.363 3.460244062525425e-31 0.3214757180489527 0.13910590224133623 0.12719164810865674 -0.3347822501485661 0.2768016929990969 0.22202110312828893 0.8920418223798999 0.23001869957376742 0.17506257387414959 0.5863903807948389 0.0890126543416932 0.13820385805683943
1076935 4.43 8.78442860325931 0.12 0.43 -17.138 1.6010780242769204e-30 0.38860367623071607 0.16093906382395423 0.08284290935571181 -0.0702701528815129 0.18900698320828027 0.12705426462354447 1.5735515509793339 0.7936274978135802 0.6176503580937309 4.8439162489042715 0.4983923266126329 0.5453334548357711
1002847 3.98 9.46391569330042 0.58 0.2 -17.085 5.76354185552306e-32 0.7987299672236879 0.311712638205753 0.18097269078930656 1.1960000391618952 0.15157382182323964 0.06759116560120226 2.122711137117184 0.2635995931118136 0.22235455087466904 0.7415071847119962 0.06840077806510203 0.09169979309352727
1029051 4.69 8.959284124177572 0.31 0.22 -17.168 1.739657302714865e-30 0.6125284961935236 0.2981060080096911 0.18963523928862303 0.7706743938567345 0.25095726168475074 0.16801416630512667 1.5262775306745378 0.36934248059221075 0.26850590551746817 1.885709549713598 0.2740395091201311 0.31931560193128306
1094903 3.87 10.339575517778957 0.08 0.23 -16.409 1.4485984390109503e-29 1.315726638892766 0.19653998335729916 0.19795478132259836 1.2316192362630904 0.2868125598046847 0.24908029464058612 2.059862675381388 0.10619270903253664 0.10237151149787681 3.2593838200335337 0.06874148128204505 0.07522652668601015
1029549 3.96 10.064387126508079 0.06 0.11 -17.001 2.2009525460778684e-30 0.5404318787851095 0.2213588462156889 0.19743942271835874 0.9337697707239203 0.22057680214669229 0.2906596900149073 3.884998893370682 0.8506501755769841 0.7360567384518057 2.51886567005942 0.2042149952610428 0.2275477358097353
1028662 4.4 9.15315503501292 0.15 0.14 -17.309 1.5769220032648018e-30 0.5769419240030432 0.21188607022708217 0.1378320494484196 0.6059653788048622 0.23916756908859016 0.07029496954863967 1.0901961525052213 0.5500196407838024 0.3881360010473727 2.853165887552807 0.5299935199570944 0.6621849538923374
1085615 4.55 9.846602541778775 0.12 0.17 -17.366 2.3619926861586597e-30 0.598675842577471 0.34339221383252927 0.3133728040241077 1.2490081309954357 0.21330441067164485 0.2666558808780606 3.0384018468940677 0.503414163804693 0.46190869247547606 1.6441407218872615 0.08862206512684034 0.09224751324566549
1058774 4.54 8.703565098676602 0.09 0.08 -17.091 9.859470681525291e-31 0.6077861075802031 0.04689633987371655 0.05094489605801222 0.24209305178554352 0.07911526442978245 0.05096307481702503 1.0416063420208652 0.1814738532363923 0.14416877648366475 0.816705461766092 0.039140528553019305 0.044386166400331106
1089286 4.62 9.414906426921593 0.17 0.35 -17.099 1.1497418422083867e-30 0.9018527025582453 0.2970488829054244 0.2423920219056196 0.8166094533452803 0.23688946214372564 0.28221041332819885 1.9208183216869832 0.3242603447889046 0.26747878200084135 1.0649694249581336 0.08424504470262562 0.09745210634246759
1079264 4.05 8.730527178350062 0.56 0.3 -16.636 1.9623588648529063e-30 1.1708217630068685 0.2621755536608861 0.07801700956152091 0.515410451786315 0.48389387652702553 0.09293862873317826 2.244845138032691 0.1737968650722725 0.15481029747858005 2.17779636685981 0.11495574901032501 0.13234757819638832
1003871 3.86 8.954872614747837 0.08 0.08 -17.261 7.55405393931607e-31 0.18111930892722786 0.2849493954600778 0.07553534803562227 0.1559905057922782 0.18680140160095215 0.08647103803749648 1.360760673717718 0.2556620544180719 0.21814523772612868 0.46521279312411035 0.05130545926962038 0.0852926200516052
1077138 4.43 10.36435135785433 0.1 0.09 -16.827 9.151741644854447e-31 1.311043975917401 0.1828400222650235 0.1729766957961949 1.2078764441496668 0.2888702168990913 0.26435549759614163 1.7646971769664368 0.15783980192728272 0.14401954960097213 1.738182767836721 0.10326646477930979 0.12061359819085427
1056042 4.42 9.075929111723255 0.18 0.5 -16.993 1.1310950891464006e-30 0.7373343636198701 0.14857459608069024 0.17713745407117887 0.5133211081299648 0.105527239492746 0.08973007428519297 1.5649990264109335 0.2476935638441371 0.24398181324933746 1.0323135461816908 0.06531046555518782 0.08408722440230476
1091614 4.06 9.694898688075204 0.21 0.41 -16.868 5.0528462899559884e-30 0.940793992883259 0.11529974035925583 0.11749213767961597 1.2179213617124158 0.07595158453702688 0.26471973130037263 2.2211518117904174 0.2153195154272727 0.18056447697790245 7.733539845478639 0.5206571781934066 0.6014268788822061
1008469 4.41 8.729073872542566 0.15 0.27 -17.486 4.504886023838979e-31 0.12505089605990352 0.1965519619208034 0.12366536286457844 -0.06414910640142776 0.19949490329701905 0.2178329591532515 1.2742530774654517 0.4210733890133749 0.29728600763082497 1.1927032073044603 0.6423663878846552 1.142189199724865
1016553 4.38 8.994036732204526 0.26 0.45 -17.231 8.615647494322339e-31 0.6032949120726405 0.13547117286423294 0.2470757558638454 0.671481005643118 0.1488504543504945 0.17468685334380724 2.2323435745253093 0.38063893884105293 0.3222666192377149 0.7198991424647553 0.06825922962436315 0.08281299930403219
1004233 4.14 8.65141034912631 0.14 0.32 -17.266 1.1143553903748445e-30 0.3347007404463759 0.18445718925471677 0.17890365791705976 -0.11265595267104178 0.28539912488943187 0.15118268141963093 1.7871431355681335 0.37682986713733907 0.2902758932443983 2.0131916506043934 0.2294307328804006 0.2661984785343101
1086406 4.41 9.462705889542972 0.18 0.32 -16.883 1.944347796554397e-30 1.0009338908833583 0.2745051250981141 0.25258746382282415 0.9950197203404788 0.19096641052920071 0.28443513117688946 0.9149884433245727 0.13731315930626717 0.11771381036119165 0.7227996924026677 0.06829281393564102 0.08812635570736926
1005572 4.77 9.747890262377629 0.09 0.19 -17.236 5.371536251379028e-31 0.9473488154075164 0.28621505098564703 0.24267897010478678 0.977261975491622 0.2130922026713119 0.36556117227409735 1.2133697867321784 0.15179646668703678 0.13030106394328891 1.4669892630256205 0.11742218651131786 0.14697475023060846
1016733 4.93 9.426489899109217 0.1 0.19 -17.396 5.988150471951531e-31 0.3727178106621824 0.16372922349306934 0.1298923726977587 0.5751711363421224 0.2506080547894509 0.1969437027738835 1.485563327520354 0.25894584345066113 0.2403210173101792 0.7847195966801226 0.06804263301253055 0.07754146212254176
1027279 4.15 9.474748529512272 0.13 0.29 -16.676 2.496334066173425e-30 0.9297917835750242 0.2827110520502505 0.11421833661712177 0.6199949504970516 0.3249931628853492 0.22618067087366667 1.8240870772030389 0.3838221025755394 0.3299064188226657 4.294376074553419 0.6658077573920251 0.8261725514170912
1089675 4.72 9.28138726769391 0.18 0.28 -17.69 1.4535991591503013e-31 0.6686576840718271 0.4005616823223249 0.3211784706560743 0.5461479711399919 0.29742708368146564 0.3675302129259662 1.00035943987969 0.327792541807085 0.2752596895159067 0.34575119031364554 0.11135367848496783 0.2193390072648742
1014659 4.61 9.080685970697273 0.17 0.37 -17.343 1.66888439904778e-30 0.516359874701033 0.2830308647702635 0.1631165227990744 0.4020562781490725 0.25479834502578647 0.19169315334208323 1.4324728544600294 0.43092555340987887 0.32299191154783063 3.1338687482361074 0.8407989394193893 1.1808838844251346
1013488 3.8 9.569440737102807 0.11 0.33 -16.409 2.761838402385572e-30 1.1878973349825013 0.24984007180907986 0.11039624666427494 0.9546230900492783 0.25358058564511166 0.24037117055858515 1.0717794606744366 0.07082164049846514 0.06594359316730809 0.7180453823373449 0.03025410977414089 0.039177983880182565
1082668 4.43 8.547580248973338 0.19 0.34 -17.199 4.20611418500488e-31 0.3361067201963078 0.17734866716696412 0.05871736747951123 -0.19670251618126605 0.2518830736204252 0.21348125722071598 2.1707214019748258 0.33446223548035064 0.29728792100230117 1.0490246872023958 0.06509217568908099 0.0754987617710341
1089274 3.97 8.62827765074332 0.27 0.46 -17.177 1.6813861993961573e-30 0.5079293326452926 0.27361685022401605 0.25280228766363394 0.1563164836516834 0.21726779112007635 0.21702267370595543 2.302882625460116 0.7698571431429279 0.5713296799245857 2.303068417496378 0.6273315310385899 0.6752586330006096
1025913 3.85 9.22129448759158 0.09 0.78 -16.607 2.9908968121583817e-30 0.7976753363184513 0.19756609893662924 0.11255500184677836 0.26807227653224164 0.09210130494386604 0.172060747961192 2.116519993917068 0.1895927775599691 0.18544599680028445 1.800142862543372 0.04700734069457435 0.05220630925065617
1057185 4.65 7.994902039229517 0.18 0.43 -17.368 4.841798948481688e-31 0.19481341952955697 0.07966459040629978 0.05460511916418864 -0.328158109616234 0.14767324945021312 0.21592627516885693 1.1535303617655555 0.290407981679277 0.24225054226056214 0.4477161374754087 0.08715009001191704 0.11546888356269991
1091059 4.92 9.389414195955489 0.19 0.29 -17.55 2.4897653236174982e-31 0.8108757053038381 0.41584576357419645 0.3094732416852811 0.6985091207457897 0.31347151355511127 0.4385381756315658 1.5704268914633923 0.7722215563054472 0.5798636448684873 1.3981128118315758 0.664418912937032 1.2630556963513848
1091896 3.86 9.245308278335633 0.18 0.24 -17.106 3.287761596702051e-30 0.6242420087809087 0.31057361483790513 0.25392020911540486 0.7177085452941019 0.2584446103582698 0.25901863400229475 1.055687493125392 0.3212804733387968 0.23421310431216064 2.590293838536838 0.2904314755883064 0.360983383965197
1095051 4.07 10.077632813533551 0.14 0.25 -16.259 8.052430793881886e-30 1.4727340568663991 0.30742472346236815 0.14838352813644362 1.2590377446347665 0.18995672731530377 0.3096713999187328 2.1061647918503867 0.12704434834439615 0.11631303974418748 2.1718711848309304 0.0452869953769679 0.043170780639726125
1028072 4.4 9.167166125844762 0.08 0.14 -16.965 1.0384970085999454e-30 0.6157390235319794 0.11552381721132865 0.09210564082631256 0.2015505892956819 0.2121417353241287 0.16203625519273318 1.6636117062530984 0.22886942159948265 0.19718239587520342 0.6551292576184472 0.0695422877272156 0.08815507650126475
1085005 4.15 10.034632971462264 0.06 0.24 -16.405 5.061110191881187e-30 1.2497520503685275 0.24791872276113547 0.18995073930939932 0.9104298099817134 0.175961930293147 0.27921331222415013 1.74432079893716 0.10279158623154085 0.0906607184039467 2.0144482405000383 0.06800888089215551 0.07871398251406836
1080381 4.61 8.611336968790688 0.16 0.32 -17.301 7.210784167038593e-31 0.29523086227895534 0.0783001540370799 0.07494100600424622 0.010875487022989173 0.15083669635369681 0.15238147680922817 1.335063512627805 0.3442410890400542 0.2820290443734105 0.7040056872603457 0.1031180116436512 0.1381581126876108
1004829 3.85 9.528110640969963 0.05 0.09 -16.951 1.2870497511193772e-30 0.7224676153195316 0.164812951697211 0.1935951490096922 0.4806399831139045 0.16560380631157295 0.18791935340392463 1.2165296197830733 0.152920112767093 0.13098654697519696 0.7091217193152444 0.02838220141469494 0.03791515456161565
1027899 4.4 9.493144268903341 0.17 0.31 -16.775 4.066475431961141e-30 0.9555202635051842 0.12720005062023587 0.14607986665601058 0.9793158949942112 0.1376670118450719 0.20521921176838198 4.0447792056372425 0.5218676460549291 0.45375870072047425 1.8199367476655453 0.1805403454550678 0.20100977237741136
1090742 4.62 9.370822007575908 0.16 0.26 -17.236 2.6027053165952105e-30 0.7184419675729707 0.26798684573419296 0.29668582125935655 0.8668461110638362 0.27015056234048773 0.3060562477269374 1.3428228340967059 0.1612966980744642 0.13706525307196682 3.723617372933054 0.49566854217299916 0.5777129920280384
1120765 4.11 9.012516442796091 0.14 0.09 -17.144 2.948094038084277e-30 0.3777454658108578 0.19057143387726938 0.1424063857189754 0.8009226951195637 0.12553028459891924 0.2004593563882806 3.23361775194453 0.6687647632771403 0.598669858019935 8.324998238261191 0.8291276726410031 0.8780238648252183
1091236 4.17 9.338979911626916 0.15 0.5 -16.748 1.0743072502758056e-30 0.9069842185064245 0.1695188495794111 0.13593735194352552 0.5799450580259976 0.13951658119978338 0.2557363667624322 0.8385872614495279 0.0893568965701862 0.07725739356684083 0.7284263110504403 0.03790832728583371 0.04607641990543321
1050300 4.13 9.523699309460257 0.07 0.16 -17.049 1.3999897440970902e-30 0.48319280424417876 0.17048114030911654 0.12641336212715337 0.5143188420052928 0.16711348419744165 0.12677400259641974 1.5889488844823487 0.283658521232343 0.23678328704197596 1.0141206533964546 0.13907339250934792 0.19903695811473976
1089292 4.15 9.286606694778953 0.15 0.23 -17.242 1.0643481889813355e-30 0.6309537192478961 0.42120951686283614 0.24344969878413653 0.6505584594159384 0.33784265283190684 0.24123096509889652 1.2075148932699649 0.1526697186998123 0.13021828010508557 0.8516921363120693 0.04494750115185764 0.052718798079982476
1009935 4.89 9.652649858894854 0.11 0.25 -17.092 1.933541155575291e-30 0.8767535523734428 0.20243318457223636 0.23742186186728065 1.0008817019949994 0.15624579325200605 0.2353937432095694 1.017822655849164 0.12423733278343412 0.10508429784782099 0.5333938719098057 0.047339193160731374 0.05922269432453653
1085494 4.06 8.902685172953438 0.39 0.15 -16.738 3.0025510328221234e-30 1.0380826147346673 0.15291779483712742 0.2593413100333988 0.7067634461131196 0.10274135640880133 0.23528231501267982 1.0554021248477317 0.10444164674382045 0.09568064306933596 0.8858763556496646 0.054704667246915695 0.06382211178806807
1084773 4.41 8.749164267136498 0.22 0.33 -17.052 1.066043348350607e-30 0.8153471105488063 0.1891375177503546 0.21775692997999796 0.34536822268675904 0.23190695343470957 0.3074952795525972 1.8121332116215456 1.022860404556969 0.7184790836738452 2.387421594188085 0.5344454951792112 0.7098679262671088
1029164 4.41 9.062218358080116 0.14 0.28 -17.384 6.38439397451874e-31 0.4154822484194482 0.20856353616140128 0.16187651068183673 0.614406159664923 0.1740014667033507 0.183615406167768 1.659015561947249 0.34915417390729586 0.3050364110876231 0.5255943224875628 0.0787368926683702 0.13906775847919972
1003298 3.98 9.63682930908579 0.05 0.14 -16.953 3.1572343252681466e-32 0.6573847702289788 0.24344534953074892 0.14624464816833527 0.5139838804759361 0.27111891174063574 0.3249759483242497 0.962314638608234 0.14419441628763424 0.1289412889129008 0.887640467331845 0.16204996971038987 0.259536495024292
1087736 4.4 9.045246679503434 0.2 0.24 -17.09 1.3828262554832164e-30 0.7713440312840435 0.2107291192461782 0.24758376075275002 0.8438473091156137 0.1723826520039441 0.1913166793762161 2.245126235723819 0.27357485192079084 0.2727599365175331 0.584183353181362 0.02822734689741868 0.032522812729634754
1000485 4.08 8.38915048976216 0.21 0.45 -17.237 1.3349380033012968e-32 0.3224996470902351 0.08441518076369597 0.0758509834842056 -0.08488621026924019 0.12471084688197343 0.14848773768269313 2.0145265342342036 0.27585784488193227 0.24498585107173626 0.3801488752036616 0.022200017739924582 0.030445738614753803
1024880 3.98 9.385450138018108 0.17 0.24 -16.955 1.897519018978272e-30 0.9114151225194357 0.2960945965689571 0.2972429045402517 0.9971193433619986 0.1834044737220627 0.11293433194066815 2.73387845070518 0.4230467082033008 0.36062304508793647 1.1683148721974856 0.10900852265289362 0.13444384460523584
1093076 4.91 8.904869302920225 0.22 0.22 -17.455 1.8392479156595646e-30 0.5194852577756968 0.32094830280929465 0.2172310175219374 0.6234264049033126 0.18258353964023444 0.3073615778210944 2.9053755527335374 0.3438090758757951 0.31397113891402073 3.788260680508139 0.46724277843079465 0.5688510832621079
1025811 3.85 9.249974235321666 0.5 0.23 -16.882 4.257392755925342e-30 0.9449902034587789 0.13652235182974626 0.2051210281406728 0.8885429003329023 0.41353693068830955 0.09783058768291453 1.5056894111290646 0.2457979194490603 0.1995421611631446 2.3809407664927433 0.29092925570009553 0.3539675382084564
1087476 3.99 10.051662939208528 0.12 0.15 -16.805 1.2158530576099748e-30 1.18954610560244 0.32069864213762167 0.1990276428377845 1.4072661195067238 0.13584134755499266 0.45197987841605947 1.4517066339118438 0.2814649381363107 0.25067100023673866 1.2109106850416327 0.112702422298957 0.13383412648001092
1028351 4.41 8.57918014481864 0.19 0.71 -17.435 5.977555725893586e-31 0.31484968119678897 0.3980137304450249 0.18961352296909736 0.3303951142759636 0.2036401726852325 0.479469958362125 1.220578529663997 0.28423000555971784 0.22216636673040827 0.47006960724245905 0.06726963931394903 0.10550496621883809
1002238 4.89 8.321077881905778 0.22 0.2 -17.649 8.263901925198504e-33 0.14461608871316858 0.10106452723751544 0.1040133486915305 -0.0898213888102591 0.1523490424749317 0.11869530945664288 1.079500031382467 0.2924520806723627 0.23885228439011805 0.7627349184795007 0.11625038200976812 0.21925951447738556
1020157 3.86 9.701694364011116 0.15 0.69 -16.971 2.2634615478197543e-30 0.934164600933947 0.15174704619606638 0.2844433167298037 1.0497284151138195 0.4257786083921551 0.16784352664766578 0.9692380968203401 0.12934036632823706 0.10921855539340283 1.3740321962075155 0.04653700727545962 0.06190504223619242
1008733 4.4 8.082874234725834 0.56 0.29 -17.288 5.39908259112969e-31 0.3295019619681394 0.07197146136985771 0.14018701138243753 -0.2788207362223768 0.21113577512603765 0.06615486354037636 0.9420198047456331 0.3165997845610879 0.2289207607623471 0.8087184952267462 0.23112086484729988 0.3779746533077962
1090206 4.02 9.546823998196729 0.12 0.27 -17.046 1.4394021994326525e-30 1.1986090272433825 0.14839899966607617 0.5063925463579909 0.9037026520155009 0.16618809662031042 0.13886823432930728 1.1791772188689025 0.19708477162443486 0.1568102379028769 0.4720234458901882 0.011923009909720561 0.016819960408355927
1033320 4.48 9.645979267534734 0.17 0.26 -17.029 9.62850521746205e-31 1.6653835647301494 0.2190486905785991 0.21455114148888832 1.2948420601941408 0.1519343790756571 0.1549002831158568 0.9227125608549256 0.544165373625946 0.35784903778904287 2.98681889745029 0.7117949084913135 0.8333703719034311
1090891 3.92 9.735448356168327 0.44 0.22 -16.272 5.079756944943172e-30 1.4529482031257 0.17092282311975282 0.11368370509557413 1.326079834244653 0.12768233112778749 0.16639039804320754 1.5516990013154737 0.07003896687688163 0.06923702891887396 1.2227747868508574 0.025152013020666164 0.027516732193549664
1031628 4.05 9.590320421391493 0.06 0.06 -16.98 1.914894402513305e-30 0.6091890918435093 0.2971750264249653 0.16859443373219096 0.3626740044344656 0.2512821578643005 0.16515518323251546 1.4015341560558587 0.20268077303140214 0.16159658046355124 5.516531553339001 0.7731888445988746 0.8841901527858687
1010567 4.94 7.867342451684798 0.19 0.22 -16.575 3.9200560414403157e-32 0.40159745567905397 0.07319612286995592 0.053040792286315475 -0.19586202836829855 0.1464309746535634 0.2242145009139612 1.8960769056671254 0.5328966894344404 0.4140320656477271 5.156037467357732 0.835763289112819 0.989816573333707
1008197 4.4 8.75954773170052 0.21 0.24 -17.142 8.590220103783266e-31 0.5463657416973637 0.15389057184150812 0.12157781915723237 0.419558058799175 0.13875686353867417 0.21642076284800507 1.1050512541362225 0.18947724087538206 0.15837429517312085 0.43115378905183827 0.04336081749477705 0.057473536396378755
1000799 4.05 9.661254902836898 0.1 0.33 -16.792 6.971342906128996e-32 0.9794948247887107 0.323453898685355 0.2256348982212365 0.7785327570344306 0.1901734146419084 0.196184759091389 1.5367778410419282 0.27227678948260103 0.24032967721994594 1.693245730135439 0.11248686850987477 0.15854281278656002
1092337 4.35 9.611948427602034 0.16 0.25 -17.02 2.1981979121028023e-30 0.8256998841080992 0.40441165585874106 0.2597352431154023 1.1141705454528668 0.25407501693703516 0.25968378502842704 2.718264027150974 0.42591975302123336 0.3819617482977781 2.1433559015803167 0.08389190405264513 0.09664018359005677
1029814 4.16 8.38382783066269 0.18 0.17 -16.871 1.1908494569132204e-30 0.6967955321828152 0.05790014299370183 0.061003225027085994 -0.1136467211145852 0.11597017728789934 0.0788348065101301 1.2777194900793136 0.26455020535581536 0.21179900183301428 1.474853243796998 0.3433354323230493 0.48700358818211487
1088834 4.59 8.949184895920837 0.15 0.32 -17.374 4.187043642100575e-31 0.43831782737851455 0.32500295120642453 0.21910087009169235 0.20383691595579442 0.2820615096270992 0.23100061241495182 2.045069243568921 0.34948288952421347 0.29382381302322413 1.0370564008333962 0.10842409611810933 0.14034896886399695
1090231 4.02 8.50227282445203 0.14 0.3 -17.117 4.146783607080378e-31 0.40634436451645767 0.06517006174939444 0.08516677245331955 -0.16587888097632822 0.25882444003926286 0.11196052559307698 1.4462051049366749 0.2959801181219614 0.26730560456589064 0.44760455061499255 0.08662627299110898 0.13919799148939854
1086354 4.96 8.253671517234011 0.34 0.37 -17.205 1.2696743675843445e-30 0.45159191940592697 0.16855160650951934 0.14886125172651765 0.041357367516063434 0.222239199016051 0.25042579874375426 1.70311594153931 0.6962437826113484 0.5320379395694772 4.1377525713867715 0.7710650654299984 0.9654755999902465
